-5 -5 1.24259
-5 -4.47368 0.72248
-5 -3.94737 0.266372
-5 -3.42105 -0.00228026
-5 -2.89474 -0.0107612
-5 -2.36842 0.243225
-5 -1.84211 0.690932
-5 -1.31579 1.21118
-5 -0.789474 1.66314
-5 -0.263158 1.9245
-5 0.263158 1.9245
-5 0.789474 1.66314
-5 1.31579 1.21118
-5 1.84211 0.690932
-5 2.36842 0.243225
-5 2.89474 -0.0107612
-5 3.42105 -0.00228026
-5 3.94737 0.266372
-5 4.47368 0.72248
-5 5 1.24259
-4.47368 -5 1.25531
-4.47368 -4.47368 0.735201
-4.47368 -3.94737 0.279093
-4.47368 -3.42105 0.0104405
-4.47368 -2.89474 0.00195952
-4.47368 -2.36842 0.255946
-4.47368 -1.84211 0.703652
-4.47368 -1.31579 1.2239
-4.47368 -0.789474 1.67586
-4.47368 -0.263158 1.93722
-4.47368 0.263158 1.93722
-4.47368 0.789474 1.67586
-4.47368 1.31579 1.2239
-4.47368 1.84211 0.703652
-4.47368 2.36842 0.255946
-4.47368 2.89474 0.00195952
-4.47368 3.42105 0.0104405
-4.47368 3.94737 0.279093
-4.47368 4.47368 0.735201
-4.47368 5 1.25531
-3.94737 -5 1.00503
-3.94737 -4.47368 0.484924
-3.94737 -3.94737 0.0288163
-3.94737 -3.42105 -0.239836
-3.94737 -2.89474 -0.248317
-3.94737 -2.36842 0.00566892
-3.94737 -1.84211 0.453375
-3.94737 -1.31579 0.97362
-3.94737 -0.789474 1.42559
-3.94737 -0.263158 1.68694
-3.94737 0.263158 1.68694
-3.94737 0.789474 1.42559
-3.94737 1.31579 0.97362
-3.94737 1.84211 0.453375
-3.94737 2.36842 0.00566892
-3.94737 2.89474 -0.248317
-3.94737 3.42105 -0.239836
-3.94737 3.94737 0.0288163
-3.94737 4.47368 0.484924
-3.94737 5 1.00503
-3.42105 -5 0.559499
-3.42105 -4.47368 0.0393923
-3.42105 -3.94737 -0.416715
-3.42105 -3.42105 -0.685368
-3.42105 -2.89474 -0.693849
-3.42105 -2.36842 -0.439863
-3.42105 -1.84211 0.00784389
-3.42105 -1.31579 0.528089
-3.42105 -0.789474 0.980056
-3.42105 -0.263158 1.24141
-3.42105 0.263158 1.24141
-3.42105 0.789474 0.980056
-3.42105 1.31579 0.528089
-3.42105 1.84211 0.00784389
-3.42105 2.36842 -0.439863
-3.42105 2.89474 -0.693849
-3.42105 3.42105 -0.685368
-3.42105 3.94737 -0.416715
-3.42105 4.47368 0.0393923
-3.42105 5 0.559499
-2.89474 -5 0.0393059
-2.89474 -4.47368 -0.480801
-2.89474 -3.94737 -0.936908
-2.89474 -3.42105 -1.20556
-2.89474 -2.89474 -1.21404
-2.89474 -2.36842 -0.960055
-2.89474 -1.84211 -0.512349
-2.89474 -1.31579 0.00789574
-2.89474 -0.789474 0.459863
-2.89474 -0.263158 0.721217
-2.89474 0.263158 0.721217
-2.89474 0.789474 0.459863
-2.89474 1.31579 0.00789574
-2.89474 1.84211 -0.512349
-2.89474 2.36842 -0.960055
-2.89474 2.89474 -1.21404
-2.89474 3.42105 -1.20556
-2.89474 3.94737 -0.936908
-2.89474 4.47368 -0.480801
-2.89474 5 0.0393059
-2.36842 -5 -0.414746
-2.36842 -4.47368 -0.934853
-2.36842 -3.94737 -1.39096
-2.36842 -3.42105 -1.65961
-2.36842 -2.89474 -1.66809
-2.36842 -2.36842 -1.41411
-2.36842 -1.84211 -0.966401
-2.36842 -1.31579 -0.446157
-2.36842 -0.789474 0.00581043
-2.36842 -0.263158 0.267165
-2.36842 0.263158 0.267165
-2.36842 0.789474 0.00581043
-2.36842 1.31579 -0.446157
-2.36842 1.84211 -0.966401
-2.36842 2.36842 -1.41411
-2.36842 2.89474 -1.66809
-2.36842 3.42105 -1.65961
-2.36842 3.94737 -1.39096
-2.36842 4.47368 -0.934853
-2.36842 5 -0.414746
-1.84211 -5 -0.679759
-1.84211 -4.47368 -1.19987
-1.84211 -3.94737 -1.65597
-1.84211 -3.42105 -1.92463
-1.84211 -2.89474 -1.93311
-1.84211 -2.36842 -1.67912
-1.84211 -1.84211 -1.23141
-1.84211 -1.31579 -0.711169
-1.84211 -0.789474 -0.259202
-1.84211 -0.263158 0.00215239
-1.84211 0.263158 0.00215239
-1.84211 0.789474 -0.259202
-1.84211 1.31579 -0.711169
-1.84211 1.84211 -1.23141
-1.84211 2.36842 -1.67912
-1.84211 2.89474 -1.93311
-1.84211 3.42105 -1.92463
-1.84211 3.94737 -1.65597
-1.84211 4.47368 -1.19987
-1.84211 5 -0.679759
-1.31579 -5 -0.683999
-1.31579 -4.47368 -1.20411
-1.31579 -3.94737 -1.66021
-1.31579 -3.42105 -1.92887
-1.31579 -2.89474 -1.93735
-1.31579 -2.36842 -1.68336
-1.31579 -1.84211 -1.23565
-1.31579 -1.31579 -0.71541
-1.31579 -0.789474 -0.263442
-1.31579 -0.263158 -0.00208824
-1.31579 0.263158 -0.00208824
-1.31579 0.789474 -0.263442
-1.31579 1.31579 -0.71541
-1.31579 1.84211 -1.23565
-1.31579 2.36842 -1.68336
-1.31579 2.89474 -1.93735
-1.31579 3.42105 -1.92887
-1.31579 3.94737 -1.66021
-1.31579 4.47368 -1.20411
-1.31579 5 -0.683999
-0.789474 -5 -0.426321
-0.789474 -4.47368 -0.946427
-0.789474 -3.94737 -1.40253
-0.789474 -3.42105 -1.67119
-0.789474 -2.89474 -1.67967
-0.789474 -2.36842 -1.42568
-0.789474 -1.84211 -0.977975
-0.789474 -1.31579 -0.457731
-0.789474 -0.789474 -0.00576364
-0.789474 -0.263158 0.255591
-0.789474 0.263158 0.255591
-0.789474 0.789474 -0.00576364
-0.789474 1.31579 -0.457731
-0.789474 1.84211 -0.977975
-0.789474 2.36842 -1.42568
-0.789474 2.89474 -1.67967
-0.789474 3.42105 -1.67119
-0.789474 3.94737 -1.40253
-0.789474 4.47368 -0.946427
-0.789474 5 -0.426321
-0.263158 -5 0.0235312
-0.263158 -4.47368 -0.496575
-0.263158 -3.94737 -0.952683
-0.263158 -3.42105 -1.22134
-0.263158 -2.89474 -1.22982
-0.263158 -2.36842 -0.97583
-0.263158 -1.84211 -0.528124
-0.263158 -1.31579 -0.00787898
-0.263158 -0.789474 0.444088
-0.263158 -0.263158 0.705442
-0.263158 0.263158 0.705442
-0.263158 0.789474 0.444088
-0.263158 1.31579 -0.00787898
-0.263158 1.84211 -0.528124
-0.263158 2.36842 -0.97583
-0.263158 2.89474 -1.22982
-0.263158 3.42105 -1.22134
-0.263158 3.94737 -0.952683
-0.263158 4.47368 -0.496575
-0.263158 5 0.0235312
0.263158 -5 0.543793
0.263158 -4.47368 0.0236867
0.263158 -3.94737 -0.432421
0.263158 -3.42105 -0.701074
0.263158 -2.89474 -0.709554
0.263158 -2.36842 -0.455568
0.263158 -1.84211 -0.0078617
0.263158 -1.31579 0.512383
0.263158 -0.789474 0.96435
0.263158 -0.263158 1.2257
0.263158 0.263158 1.2257
0.263158 0.789474 0.96435
0.263158 1.31579 0.512383
0.263158 1.84211 -0.0078617
0.263158 2.36842 -0.455568
0.263158 2.89474 -0.709554
0.263158 3.42105 -0.701074
0.263158 3.94737 -0.432421
0.263158 4.47368 0.0236867
0.263158 5 0.543793
0.789474 -5 0.993645
0.789474 -4.47368 0.473538
0.789474 -3.94737 0.0174309
0.789474 -3.42105 -0.251222
0.789474 -2.89474 -0.259703
0.789474 -2.36842 -0.00571647
0.789474 -1.84211 0.44199
0.789474 -1.31579 0.962235
0.789474 -0.789474 1.4142
0.789474 -0.263158 1.67556
0.789474 0.263158 1.67556
0.789474 0.789474 1.4142
0.789474 1.31579 0.962235
0.789474 1.84211 0.44199
0.789474 2.36842 -0.00571647
0.789474 2.89474 -0.259703
0.789474 3.42105 -0.251222
0.789474 3.94737 0.0174309
0.789474 4.47368 0.473538
0.789474 5 0.993645
1.31579 -5 1.25132
1.31579 -4.47368 0.731217
1.31579 -3.94737 0.27511
1.31579 -3.42105 0.00645703
1.31579 -2.89474 -0.00202395
1.31579 -2.36842 0.251962
1.31579 -1.84211 0.699669
1.31579 -1.31579 1.21991
1.31579 -0.789474 1.67188
1.31579 -0.263158 1.93323
1.31579 0.263158 1.93323
1.31579 0.789474 1.67188
1.31579 1.31579 1.21991
1.31579 1.84211 0.699669
1.31579 2.36842 0.251962
1.31579 2.89474 -0.00202395
1.31579 3.42105 0.00645703
1.31579 3.94737 0.27511
1.31579 4.47368 0.731217
1.31579 5 1.25132
1.84211 -5 1.24708
1.84211 -4.47368 0.726977
1.84211 -3.94737 0.270869
1.84211 -3.42105 0.0022164
1.84211 -2.89474 -0.00626458
1.84211 -2.36842 0.247722
1.84211 -1.84211 0.695428
1.84211 -1.31579 1.21567
1.84211 -0.789474 1.66764
1.84211 -0.263158 1.92899
1.84211 0.263158 1.92899
1.84211 0.789474 1.66764
1.84211 1.31579 1.21567
1.84211 1.84211 0.695428
1.84211 2.36842 0.247722
1.84211 2.89474 -0.00626458
1.84211 3.42105 0.0022164
1.84211 3.94737 0.270869
1.84211 4.47368 0.726977
1.84211 5 1.24708
2.36842 -5 0.982071
2.36842 -4.47368 0.461964
2.36842 -3.94737 0.00585683
2.36842 -3.42105 -0.262796
2.36842 -2.89474 -0.271277
2.36842 -2.36842 -0.0172905
2.36842 -1.84211 0.430416
2.36842 -1.31579 0.950661
2.36842 -0.789474 1.40263
2.36842 -0.263158 1.66398
2.36842 0.263158 1.66398
2.36842 0.789474 1.40263
2.36842 1.31579 0.950661
2.36842 1.84211 0.430416
2.36842 2.36842 -0.0172905
2.36842 2.89474 -0.271277
2.36842 3.42105 -0.262796
2.36842 3.94737 0.00585683
2.36842 4.47368 0.461964
2.36842 5 0.982071
2.89474 -5 0.528018
2.89474 -4.47368 0.00791198
2.89474 -3.94737 -0.448196
2.89474 -3.42105 -0.716848
2.89474 -2.89474 -0.725329
2.89474 -2.36842 -0.471343
2.89474 -1.84211 -0.0236364
2.89474 -1.31579 0.496608
2.89474 -0.789474 0.948575
2.89474 -0.263158 1.20993
2.89474 0.263158 1.20993
2.89474 0.789474 0.948575
2.89474 1.31579 0.496608
2.89474 1.84211 -0.0236364
2.89474 2.36842 -0.471343
2.89474 2.89474 -0.725329
2.89474 3.42105 -0.716848
2.89474 3.94737 -0.448196
2.89474 4.47368 0.00791198
2.89474 5 0.528018
3.42105 -5 0.00782557
3.42105 -4.47368 -0.512281
3.42105 -3.94737 -0.968388
3.42105 -3.42105 -1.23704
3.42105 -2.89474 -1.24552
3.42105 -2.36842 -0.991536
3.42105 -1.84211 -0.543829
3.42105 -1.31579 -0.0235846
3.42105 -0.789474 0.428382
3.42105 -0.263158 0.689737
3.42105 0.263158 0.689737
3.42105 0.789474 0.428382
3.42105 1.31579 -0.0235846
3.42105 1.84211 -0.543829
3.42105 2.36842 -0.991536
3.42105 2.89474 -1.24552
3.42105 3.42105 -1.23704
3.42105 3.94737 -0.968388
3.42105 4.47368 -0.512281
3.42105 5 0.00782557
3.94737 -5 -0.437706
3.94737 -4.47368 -0.957812
3.94737 -3.94737 -1.41392
3.94737 -3.42105 -1.68257
3.94737 -2.89474 -1.69105
3.94737 -2.36842 -1.43707
3.94737 -1.84211 -0.989361
3.94737 -1.31579 -0.469116
3.94737 -0.789474 -0.017149
3.94737 -0.263158 0.244205
3.94737 0.263158 0.244205
3.94737 0.789474 -0.017149
3.94737 1.31579 -0.469116
3.94737 1.84211 -0.989361
3.94737 2.36842 -1.43707
3.94737 2.89474 -1.69105
3.94737 3.42105 -1.68257
3.94737 3.94737 -1.41392
3.94737 4.47368 -0.957812
3.94737 5 -0.437706
4.47368 -5 -0.687983
4.47368 -4.47368 -1.20809
4.47368 -3.94737 -1.6642
4.47368 -3.42105 -1.93285
4.47368 -2.89474 -1.94133
4.47368 -2.36842 -1.68734
4.47368 -1.84211 -1.23964
4.47368 -1.31579 -0.719393
4.47368 -0.789474 -0.267426
4.47368 -0.263158 -0.00607171
4.47368 0.263158 -0.00607171
4.47368 0.789474 -0.267426
4.47368 1.31579 -0.719393
4.47368 1.84211 -1.23964
4.47368 2.36842 -1.68734
4.47368 2.89474 -1.94133
4.47368 3.42105 -1.93285
4.47368 3.94737 -1.6642
4.47368 4.47368 -1.20809
4.47368 5 -0.687983
5 -5 -0.675262
5 -4.47368 -1.19537
5 -3.94737 -1.65148
5 -3.42105 -1.92013
5 -2.89474 -1.92861
5 -2.36842 -1.67462
5 -1.84211 -1.22692
5 -1.31579 -0.706672
5 -0.789474 -0.254705
5 -0.263158 0.00664905
5 0.263158 0.00664905
5 0.789474 -0.254705
5 1.31579 -0.706672
5 1.84211 -1.22692
5 2.36842 -1.67462
5 2.89474 -1.92861
5 3.42105 -1.92013
5 3.94737 -1.65148
5 4.47368 -1.19537
5 5 -0.675262
